Fitting 3 folds for each of 20 candidates, totalling 60 fits
Best hyperparameters found by GridSearchCV:
{'alpha': 0.001, 'early_stopping': True, 'loss': 'hinge', 'max_iter': 150, 'penalty': 'l2', 'tol': 0.001}
Best model saved to 'best_fine_tune_sgd.joblib'
Scaler saved to 'scaler.joblib'

Validation report:
               precision    recall  f1-score   support

           0       0.84      0.78      0.81      4142
           1       0.81      0.93      0.87      4726
           2       0.88      0.78      0.82      4194
           3       0.74      0.73      0.74      4284
           4       0.84      0.81      0.82      4094
           5       0.72      0.62      0.67      3788
           6       0.88      0.91      0.90      4126
           7       0.88      0.85      0.87      4376
           8       0.66      0.77      0.71      4095
           9       0.79      0.82      0.81      4175

    accuracy                           0.80     42000
   macro avg       0.80      0.80      0.80     42000
weighted avg       0.81      0.80      0.80     42000

Test report:
               precision    recall  f1-score   support

           0       0.84      0.80      0.82      4142
           1       0.81      0.92      0.87      4726
           2       0.89      0.79      0.84      4194
           3       0.74      0.72      0.73      4285
           4       0.86      0.81      0.83      4094
           5       0.71      0.62      0.66      3788
           6       0.89      0.91      0.90      4125
           7       0.88      0.85      0.87      4376
           8       0.65      0.77      0.71      4095
           9       0.79      0.81      0.80      4175

    accuracy                           0.80     42000
   macro avg       0.81      0.80      0.80     42000
weighted avg       0.81      0.80      0.80     42000


Validation CM:
 [[3247  224   56   58   17  178   60   17  281    4]
 [   2 4394   13   53    5   49   17    5  185    3]
 [  90   54 3253  145  154   79  184   47  179    9]
 [ 128   90  105 3113    8  278   59   93  281  129]
 [  42   94   39   12 3321   65   53   11  178  279]
 [ 166  157   58  410   86 2346  105  104  235  121]
 [  46   80   85   14   38   34 3766    2   60    1]
 [  22   56   36   90   70   26    4 3733   84  255]
 [ 100  222   41  245   20  119   36   70 3155   87]
 [  35   41   12   44  239   71    1  158  140 3434]]
Test CM:
 [[3308  207   50   62   14  192   46   14  244    5]
 [   2 4362   22   72    9   52   20    8  175    4]
 [ 107   57 3322  125  126   65  168   39  178    7]
 [ 127  116  104 3080   13  280   58   89  277  141]
 [  43   86   48   18 3308   51   57   22  211  250]
 [ 164  164   43  403   88 2353  100   88  250  135]
 [  35   77   81   15   22   59 3774    2   60    0]
 [  20   60   27   79   67   24    1 3740   89  269]
 [  96  196   35  258    9  145   37   63 3143  113]
 [  37   31   13   57  209   79    2  180  183 3384]]