Fitting 3 folds for each of 9 candidates, totalling 27 fits
Best hyperparameters found by GridSearchCV:
{'max_depth': 100, 'n_estimators': 50}
Best model saved to 'best_fine_tune_random_forest.joblib'

Validation report:
               precision    recall  f1-score   support

           0       0.98      0.98      0.98      4142
           1       0.98      0.98      0.98      4726
           2       0.96      0.96      0.96      4194
           3       0.96      0.95      0.95      4284
           4       0.95      0.97      0.96      4094
           5       0.96      0.95      0.95      3788
           6       0.98      0.98      0.98      4126
           7       0.96      0.96      0.96      4376
           8       0.95      0.94      0.95      4095
           9       0.94      0.95      0.94      4175

    accuracy                           0.96     42000
   macro avg       0.96      0.96      0.96     42000
weighted avg       0.96      0.96      0.96     42000

Test report:
               precision    recall  f1-score   support

           0       0.97      0.99      0.98      4142
           1       0.98      0.98      0.98      4726
           2       0.95      0.96      0.96      4194
           3       0.95      0.95      0.95      4285
           4       0.96      0.97      0.96      4094
           5       0.96      0.95      0.95      3788
           6       0.97      0.98      0.97      4125
           7       0.97      0.96      0.96      4376
           8       0.96      0.94      0.95      4095
           9       0.94      0.94      0.94      4175

    accuracy                           0.96     42000
   macro avg       0.96      0.96      0.96     42000
weighted avg       0.96      0.96      0.96     42000

Train CM:
 [[12425     0     0     0     0     0     0     0     0     0]
 [    0 14179     0     0     0     0     0     0     0     0]
 [    0     0 12582     0     0     0     0     0     0     0]
 [    0     0     0 12854     0     0     0     0     0     0]
 [    0     0     0     0 12284     0     0     0     0     0]
 [    0     0     0     0     0 11363     0     0     0     0]
 [    0     0     0     0     0     0 12377     0     0     0]
 [    0     0     0     0     0     0     0 13127     0     0]
 [    0     0     0     0     0     0     0     0 12285     0]
 [    0     0     0     0     0     0     0     0     0 12524]]
Validation CM:
 [[4075    2    7    2    8   12   10    0   25    1]
 [   0 4654   18    5   14    3   12    8    8    4]
 [  15    8 4026   22   35    4    7   31   40    6]
 [   3    2   51 4071    4   39    6   41   36   31]
 [   6    6   11    0 3964    0   13    4    7   83]
 [  18    3    8   56   15 3585   41    8   30   24]
 [  14   11    8    0    9   40 4024    0   20    0]
 [   2   14   40    5   47    2    0 4203    4   59]
 [  14   24   34   58   26   42   10   12 3843   32]
 [  18    8    9   41   61   16    1   49   23 3949]]
Test CM:
 [[4086    2    9    5    2    3   18    1   15    1]
 [   1 4636   26    8   15    6   14    6   11    3]
 [  23    7 4033   26   35    3    4   26   29    8]
 [   5    5   56 4050    2   48    5   44   42   28]
 [   5    4   14    3 3960    0   23   10    9   66]
 [  15    1    6   55   10 3595   50    9   21   26]
 [  20    8    3    1    9   35 4038    0   11    0]
 [   5   20   41    3   27    2    0 4205    4   69]
 [   8   15   27   50   15   50   19   11 3852   48]
 [  23    9    9   59   66   13    3   39   32 3922]]